{"2": [[0.005868589752778426, -3.2357827075016176e-05], [-3.2357827075016176e-05, 0.005451716043799604]], "3": [[0.007337144521720125, -2.6009019928111114e-05, -2.6009019928111046e-05], [-2.6009019928111114e-05, 0.003507502116019551, -1.2385247584814735e-05], [-2.6009019928111046e-05, -1.2385247584814735e-05, 0.003507502116019557]], "4": [[0.0023364421983921592, -1.3695440787761734e-05, -5.478176315104693e-06, -8.217264472657053e-06], [-1.3695440787761734e-05, 0.005820562334798763, -1.3695440787761748e-05, -2.054316118164268e-05], [-5.478176315104693e-06, -1.3695440787761748e-05, 0.0023364421983921558, -8.217264472657026e-06], [-8.217264472657053e-06, -2.054316118164268e-05, -8.217264472657026e-06, 0.003500554665351909]], "8": [[0.0, 0.0, 0.0, 0.0, 0.0, 0.0, 0.0, 0.0], [0.0, 0.0, 0.0, 0.0, 0.0, 0.0, 0.0, 0.0], [0.0, 0.0, 0.0, 0.0, 0.0, 0.0, 0.0, 0.0], [0.0, 0.0, 0.0, 0.0, 0.0, 0.0, 0.0, 0.0], [0.0, 0.0, 0.0, 0.0, 0.0, 0.0, 0.0, 0.0], [0.0, 0.0, 0.0, 0.0, 0.0, 0.0, 0.0, 0.0], [0.0, 0.0, 0.0, 0.0, 0.0, 0.0, 0.0, 0.0], [0.0, 0.0, 0.0, 0.0, 0.0, 0.0, 0.0, 0.0]], "5": [[0.013199554069119256, -0.00022296544035674517, -0.00013377926421404707, -4.4593088071349e-05, -8.918617614269807e-05], [-0.00022296544035674517, 0.016443701226309938, -0.0001672240802675587, -5.574136008918631e-05, -0.00011148272017837272], [-0.00013377926421404707, -0.0001672240802675587, 0.009933110367893017, -3.344481605351181e-05, -6.688963210702361e-05], [-4.4593088071349e-05, -5.574136008918631e-05, -3.344481605351181e-05, 0.003333333333333323, -2.2296544035674506e-05], [-8.918617614269807e-05, -0.00011148272017837272, -6.688963210702361e-05, -2.2296544035674506e-05, 0.006644370122630978]], "6": [[0.0, 0.0, 0.0, 0.0, 0.0, 0.0], [0.0, 0.020197769829581318, 0.0, 0.0, 0.0, 0.0], [0.0, 0.0, 0.0, 0.0, 0.0, 0.0], [0.0, 0.0, 0.0, 0.0, 0.0, 0.0], [0.0, 0.0, 0.0, 0.0, 0.0, 0.0], [0.0, 0.0, 0.0, 0.0, 0.0, 0.0]], "7": [[0.0, 0.0, 0.0, 0.0, 0.0, 0.0, 0.0], [0.0, 0.028571428571428577, 0.0, 0.0, 0.0, 0.0, 0.0], [0.0, 0.0, 0.0, 0.0, 0.0, 0.0, 0.0], [0.0, 0.0, 0.0, 0.0, 0.0, 0.0, 0.0], [0.0, 0.0, 0.0, 0.0, 0.0, 0.0, 0.0], [0.0, 0.0, 0.0, 0.0, 0.0, 0.0, 0.0], [0.0, 0.0, 0.0, 0.0, 0.0, 0.0, 0.0]], "9": [[0.0, 0.0, 0.0, 0.0, 0.0, 0.0, 0.0, 0.0, 0.0], [0.0, 0.0, 0.0, 0.0, 0.0, 0.0, 0.0, 0.0, 0.0], [0.0, 0.0, 0.0, 0.0, 0.0, 0.0, 0.0, 0.0, 0.0], [0.0, 0.0, 0.0, 0.0, 0.0, 0.0, 0.0, 0.0, 0.0], [0.0, 0.0, 0.0, 0.0, 0.0, 0.0, 0.0, 0.0, 0.0], [0.0, 0.0, 0.0, 0.0, 0.0, 0.11111111111111109, 0.0, 0.0, 0.0], [0.0, 0.0, 0.0, 0.0, 0.0, 0.0, 0.0, 0.0, 0.0], [0.0, 0.0, 0.0, 0.0, 0.0, 0.0, 0.0, 0.0, 0.0], [0.0, 0.0, 0.0, 0.0, 0.0, 0.0, 0.0, 0.0, 0.0]]}